0,9
55,35
10,196
10,138
10,20
10,170
10,228
10,124
10,16
10,204
11,18
11,14
11,10
11,20
11,22
9,4
9,6
8,12
8,6
8,18
8,14
53,5
53,4
53,3
53,2
53,1
53,0
52,5
52,4
52,3
52,2
52,1
52,0
50,4
50,3
50,2
50,1
50,0
44,6
44,5
44,4
44,3
44,2
44,1
44,0
36,3
36,1
35,3
35,2
35,1
20,3
20,2
20,1
19,3
19,2
19,1
12,3
12,2
12,1
11,29
11,23
11,21
11,19
11,15
11,13
11,11
11,5
11,3
11,2
11,1
10,295
10,277
10,273
10,215
10,199
18,1
10,171
18,3
10,81
10,11
10,3
10,2
14,1
10,1
9,7
14,3
9,5
9,3
13,1
9,2
13,3
9,1
8,17
8,13
8,8
8,7
8,5
